title: CONFIG generated by ASE                                                 
energy unitS: kcal/mol
         0  0.000000E+00        39
 -1.059801E+04  3.000000E+02 -1.433149E+04  2.672516E+03 -1.704855E+04
  4.134476E+01  3.192739E+00  0.000000E+00  0.000000E+00  5.216040E+03
  0.000000E+00 -3.997519E+04 -6.109986E+04  1.704575E+04  4.078920E+03
  0.000000E+00  0.000000E+00  0.000000E+00  4.478825E+04  0.000000E+00
  0.000000E+00  0.000000E+00  9.000000E+01  9.000000E+01  9.000000E+01
  0.000000E+00  2.421048E+01  0.000000E+00  2.371859E+01  1.825061E-01
  1.643976E-01  1.825061E-01  2.417644E+01 -1.241843E-01  1.643976E-01
 -1.241843E-01  2.473643E+01  0.000000E+00  0.000000E+00
