CONFIG generated by ASE                                                 
 ENERGY UNITS = kcal/mol
         0  0.000000E+00        44
 -6.648391E+01  3.000000E+02 -8.526310E+01 -2.239373E-01 -9.403514E+01
  4.597482E-04  6.552643E-02  8.929997E+00  0.000000E+00 -8.584791E+01
  0.000000E+00  9.565038E+01  1.051481E+00  9.402648E+01  5.724193E-01
  0.000000E+00  0.000000E+00  0.000000E+00  9.261000E+03  0.000000E+00
  0.000000E+00  0.000000E+00  9.000000E+01  9.000000E+01  9.000000E+01
  0.000000E+00 -1.433711E-01  0.000000E+00  0.000000E+00  0.000000E+00
  0.000000E+00  0.000000E+00  0.000000E+00  0.000000E+00  0.000000E+00
 -4.404437E-02 -2.008235E-01 -1.973361E-02 -2.008235E-01 -4.865105E-01
 -1.032557E-01 -1.973361E-02 -1.032557E-01  1.004416E-01
