title: CONFIG generated by ASE                                                 
energy unitS: kcal/mol
         0  0.000000E+00        39
 -3.976830E+04  5.000000E+02 -4.052990E+04  7.301457E+02 -4.126004E+04
  0.000000E+00  0.000000E+00  0.000000E+00  0.000000E+00 -4.220793E+04
  0.000000E+00  8.842098E+03 -3.241221E+04  4.125431E+04  0.000000E+00
  0.000000E+00  0.000000E+00  0.000000E+00  1.148199E+04  0.000000E+00
  0.000000E+00  0.000000E+00  9.000000E+01  9.000000E+01  9.000000E+01
  0.000000E+00 -1.456906E+01  0.000000E+00 -1.449131E+01 -5.428363E-02
  4.054499E-02 -5.428363E-02 -1.463322E+01  1.097143E-01  4.054499E-02
  1.097143E-01 -1.458266E+01  0.000000E+00  0.000000E+00
