title: CONFIG generated by ASE                                                 
energy unitS: kcal/mol
         0  0.000000E+00        39
 -4.682717E+04  5.000000E+02 -4.758877E+04  5.090908E+03 -5.267968E+04
  0.000000E+00  0.000000E+00  0.000000E+00  0.000000E+00 -4.684009E+04
  0.000000E+00  1.561964E+03 -5.111040E+04  5.267236E+04  0.000000E+00
  0.000000E+00  0.000000E+00  0.000000E+00  1.148199E+04  0.000000E+00
  0.000000E+00  0.000000E+00  9.000000E+01  9.000000E+01  9.000000E+01
  0.000000E+00 -7.716140E-02  0.000000E+00  5.926928E-04 -5.428363E-02
  4.054499E-02 -5.428363E-02 -1.413163E-01  1.097143E-01  4.054499E-02
  1.097143E-01 -9.076062E-02  0.000000E+00  0.000000E+00
