title: CONFIG generated by ASE                                                 
energy unitS: kcal/mol
         0  0.000000E+00        39
 -1.188734E+04  3.000000E+02 -1.437603E+04  2.672516E+03 -1.704855E+04
  0.000000E+00  0.000000E+00  0.000000E+00  0.000000E+00  4.456489E+03
  0.000000E+00 -4.405411E+04 -6.109986E+04  1.704575E+04  0.000000E+00
  0.000000E+00  0.000000E+00  0.000000E+00  4.478825E+04  0.000000E+00
  0.000000E+00  0.000000E+00  9.000000E+01  9.000000E+01  9.000000E+01
  0.000000E+00  2.502155E+01  0.000000E+00  2.454991E+01 -4.046707E-02
  2.111399E-01 -4.046707E-02  2.497232E+01 -3.017406E-01  2.111399E-01
 -3.017406E-01  2.554241E+01  0.000000E+00  0.000000E+00
