CONFIG generated by ASE                                                 
 ENERGY UNITS = kcal/mol
         0  0.000000E+00        38
 -1.771412E+03  4.200000E+00 -1.782217E+03 -1.782217E+03  0.000000E+00
  0.000000E+00  0.000000E+00  0.000000E+00  0.000000E+00 -1.869078E+03
  0.000000E+00  3.146059E+02  3.146059E+02  0.000000E+00  0.000000E+00
  0.000000E+00  0.000000E+00  0.000000E+00  3.143482E+04  0.000000E+00
  0.000000E+00  0.000000E+00  9.000000E+01  9.000000E+01  9.000000E+01
  0.000000E+00 -2.130374E-01  0.000000E+00  0.000000E+00 -2.126830E-01
 -3.552950E-04 -5.438659E-04 -3.552950E-04 -2.132291E-01  5.158734E-04
 -5.438659E-04  5.158734E-04 -2.131999E-01
